Group,Excellent ratio,Good ratio,Pass ratio,Fail ratio
0,0.22229712132087606,0.3325998822937236,0.25492089008178603,0.1901821063036146
1,0.1745011822768085,0.26030524327736054,0.38107089133446903,0.18412268311136196
2,0.1933607367355007,0.3014483877762557,0.3214739274170099,0.1837169480712335
3,0.24155887754945124,0.3026800577715413,0.3428466858322415,0.11291437884676604
4,0.17987101232794372,0.3792143516811272,0.24901830493038113,0.19189633106054782
5,0.18728161969266083,0.2574883872860329,0.3928524351706635,0.162377557850643
6,0.21245597876306724,0.2904286556477734,0.34506795692813436,0.152047408661025
7,0.17030662146782444,0.24768660562005593,0.432803089363984,0.14920368354813587
8,0.1271956620058389,0.14526546473363275,0.6198099475896586,0.10772892567087027
9,0.15489449008569095,0.2724279787784675,0.3777696180838334,0.19490791305200797
10,0.0955131996399554,0.18633222290823173,0.46079381126079644,0.2573607661910166
11,0.14667189004702755,0.24503375978934688,0.4317163087815764,0.176578041382049
12,0.23266725084296372,0.25506050152631454,0.4620992990292379,0.050172948601483795
13,0.15713386437533047,0.26715276412181643,0.3703136935941794,0.2053996779086738
14,0.34494411804622854,0.38211127039784304,0.21938991429678137,0.05355469725914706
15,0.19037986543310934,0.24684027540065773,0.4441815605637469,0.1185982986024861
16,0.24712777880044945,0.2641294588169069,0.44696034057205436,0.04178242181058955
17,0.16080950639284708,0.21353757177283275,0.44724198176264207,0.17841094007167815
18,0.16585551097903586,0.19005450084899767,0.582683479992507,0.061406508179459286
19,0.17282312754216445,0.2556404011804462,0.4282565039420506,0.14327996733533882
20,0.15901339666852524,0.3399294258564725,0.3424633255006214,0.15859385197438086
21,0.18554767963995975,0.2381944516441471,0.45241226655912214,0.12384560215677096
22,0.17930412510508148,0.4569406152692709,0.22347980918618823,0.14027545043945935
23,0.16752793440569078,0.23495964634762587,0.4414103878261143,0.15610203142056897
24,0.13834423409096835,0.4302736534770718,0.1417407963657348,0.28964131606622473
25,0.17389795817252962,0.2537506315629217,0.4286512715089204,0.14370013875562823
26,0.3312942340336724,0.39544791158286124,0.2074788273886755,0.06577902699479081
27,0.1731287511084659,0.2553173291457871,0.3801948237971338,0.1913590959486133
28,0.3293306394689769,0.3892657002913178,0.21566658259135657,0.06573707764834871
29,0.18117130173906063,0.2520220786195613,0.46560309124480226,0.10120352839657601
30,0.19335985891357832,0.21128635288242495,0.4586456654709538,0.13670812273304306
31,0.1947860195497979,0.2858677161050732,0.35043284379458206,0.16891342055054687
32,0.07616724705226824,0.08797426881994527,0.7722775270483284,0.06358095707945807
33,0.17781512045094117,0.27550797905353175,0.39561754410223066,0.15105935639329618
34,0.0831613268999536,0.10218482072587039,0.7452196899093309,0.06943416246484511
35,0.19133740870895746,0.2758345308542568,0.38711212866647593,0.14571593177030995
36,0.20588583477787942,0.23834731451970764,0.4290311550566714,0.12673569564574158
37,0.16860157939395834,0.24598069989283072,0.4464777459364542,0.13893997477675696
38,0.16568762303583726,0.1755386478641819,0.5540372919099706,0.10473643719000991
39,0.17487332098441002,0.2911005119766706,0.34362936220291784,0.1903968048360017
40,0.41293003666786204,0.24220890246445406,0.3107021721580697,0.0341588887096142
41,0.18109018301194055,0.25043126612881145,0.41491113392718093,0.15356741693206716
42,0.17369801057920056,0.2353033430802793,0.48216034796548024,0.10883829837503983
43,0.17934001557090679,0.24196934988325616,0.41642837922050885,0.16226225532532826
44,0.14188265460204869,0.1929667626848768,0.4338311771892183,0.231319405523856
45,0.16564838344492233,0.23934732980809542,0.47426181017159946,0.12074247657538288
46,0.14407420995007825,0.12746254254393466,0.6802840926841708,0.04817915482181641
47,0.17088516977640306,0.25527699383942126,0.38401151433473296,0.18982632204944266
48,0.17186466108020645,0.3277267080718581,0.3715349481092598,0.12887368273867583
49,0.14661804457570662,0.2646009158149017,0.3725831217982863,0.21619791781110556
50,0.10192544746493416,0.14954155855916904,0.6792520747881916,0.06928091918770506
51,0.1938363823330941,0.28084012424259347,0.3658392101754247,0.15948428324888764
52,0.0976965901657641,0.1291360789008721,0.7231545420944643,0.05001278883889928
53,0.16188908640479263,0.2850804212012061,0.35437961020204134,0.19865088219195992
54,0.14994656378449098,0.15269379191516833,0.6565835865061568,0.04077605779418378
55,0.17635976385035168,0.26612615627127356,0.3708066199535442,0.18670745992483048
56,0.08985371624474635,0.11792636654764788,0.7251622474985673,0.06705766970903827
57,0.20193976075792436,0.2512438002015989,0.41004080332569265,0.1367756357147841
58,0.08057388171668232,0.09874662632616768,0.7719366775566737,0.048742814400476356
59,0.18502052391676224,0.2847346877697079,0.37260563218690457,0.1576391561266254
60,0.12729667211481144,0.10549550306935754,0.7342133227488858,0.03299450206694544
61,0.17894041981314987,0.25796595391397986,0.4410708939036503,0.12202273236922018
62,0.11903702370081115,0.23518747122410766,0.3777767483864627,0.2679987566886185
63,0.15556356808850025,0.2285188466256048,0.4931655097954733,0.12275207549042172
64,0.149157790524834,0.23044527035155446,0.42556503240412036,0.19483190671949102
65,0.1588486502883627,0.25475710549518316,0.36769779896193666,0.2186964452545175
66,0.1718853420285253,0.25648386145866403,0.37022758959888435,0.2014032069139262
67,0.17301735078339214,0.26321147656000193,0.4023508609182486,0.16142031173835725
68,0.25225922692658626,0.3077507845670094,0.31809012271748527,0.12189986578891926
69,0.21849281958832226,0.2576505975663534,0.3652858293904338,0.15857075345489047
70,0.11404848388113585,0.41594578808971483,0.17845919727733034,0.2915465307518187
71,0.2010112186387103,0.27092266686782207,0.3762934331829964,0.1517726813104713
72,0.22152656754638422,0.3273735718674436,0.24567449635100985,0.2054253642351624
73,0.18216562264985406,0.2574893932978135,0.42659025671259704,0.13375472733973515
74,0.12132292882309002,0.22010200267950095,0.45441116584439784,0.20416390265301135
75,0.1985126852459919,0.26064506574937146,0.41540085497434737,0.12544139403028912
76,0.10858591717931787,0.3231412848387608,0.20820855028281499,0.3600642476991064
77,0.16368188684168863,0.24357695641958962,0.4117937866009973,0.18094737013772433
78,0.1299568736732985,0.24243106978619144,0.48763392674777634,0.13997812979273375
79,0.19149398883058769,0.2709128406987232,0.3839408097612086,0.15365236070948052
80,0.1277379167702329,0.3094614898520891,0.3340202668236137,0.22878032655406425
81,0.14786764384820764,0.2538075674807605,0.4552967477141212,0.14302804095691046
82,0.11334704329577645,0.20668130182997818,0.3795529618033504,0.3004186930708951
83,0.19197692225399726,0.269599487104694,0.3664781933615107,0.17194539727979793
84,0.13159629197430384,0.24109776096699886,0.44942005066831103,0.17788589639038624
85,0.20853928119986556,0.27618029092475305,0.3883642216185928,0.1269162062567888
86,0.19676651140277657,0.33610918814931146,0.3337740359294121,0.13335026451849985
87,0.1873873729802945,0.24586364923152335,0.41477071482786826,0.15197826296031391
88,0.19947290383221108,0.3673239583255421,0.2595319008095732,0.17367123703267343
89,0.19922222205173398,0.27792742499581524,0.40396866989836155,0.11888168305408926
90,0.24512838609452278,0.41597618707021206,0.17605715797505211,0.16283826886021313
91,0.16662297712357788,0.2546895150965757,0.4195485873304145,0.1591389204494321
92,0.17974043588190297,0.2881558733136293,0.2313597932853028,0.30074389751916486
93,0.20231509916171767,0.2877781900852455,0.3774522886490859,0.13245442210395106
94,0.2489172827042166,0.22850222291803188,0.36018907868813194,0.1623914156896195
95,0.17784567723529485,0.26548652153273833,0.3675761704283032,0.1890916308036635
96,0.16227892425583046,0.3115688024035396,0.24724907330764015,0.2789032000329896
97,0.1691910970972735,0.2259742750466483,0.4580668786111333,0.14676774924494482
98,0.17905863405796363,0.1617259586596325,0.562512784650709,0.09670262263169467
99,0.17822399894244356,0.2840746130480518,0.4116352877612923,0.12606610024821235
100,0.1070155899484459,0.15803668486226485,0.5330230804971895,0.20192464469209956
101,0.19903418259596267,0.268898850719225,0.3956829515888366,0.13638401509597564
102,0.20259350289805056,0.3082384306796477,0.309550833127332,0.17961723329496973
103,0.15667282717579856,0.2647201447410258,0.4012025283193257,0.17740449976385
104,0.18870300595565992,0.34286096140945643,0.28513958410873136,0.18329644852615204
105,0.18432795566896298,0.24609259029771102,0.4147939378311778,0.15478551620214806
106,0.08566102871564933,0.13601133750997937,0.7176772398994942,0.060650393874877084
107,0.20089580622672226,0.29064876923930677,0.3736665729452869,0.13478885158868423
108,0.22281536468611912,0.2900238255760517,0.3450483981587956,0.14211241157903345
109,0.20517648759692161,0.2859460934471695,0.3793894208016273,0.12948799815428158
110,0.13606926981887463,0.2659251619007669,0.35009001258722683,0.24791555569313178
111,0.18722899695737982,0.24433525305637896,0.4259213864927676,0.14251436349347357
112,0.19893308969478618,0.3098886572165849,0.3542851159729051,0.136893137115724
113,0.18165475136273201,0.24641025726132626,0.42175500513762787,0.15017998623831397
114,0.23457827112958685,0.37044367225259345,0.1938209629785776,0.2011570936392421
115,0.17066771505265288,0.24301704296935264,0.4310326542470736,0.15528258773092082
116,0.08943954543368504,0.10109539544218675,0.7288158669684546,0.08064919215567377
117,0.19563011741905886,0.2700496917401606,0.3564924897204218,0.17782770112035876
118,0.07897058641122884,0.08974456194064555,0.7754483269695333,0.05583652467859239
119,0.191127460367439,0.2754664353398424,0.3882602380550278,0.14514586623769093
