Group,Excellent ratio,Good ratio,Pass ratio,Fail ratio
0,0.21103412450336978,0.3275792472854927,0.25813064304691613,0.20325598516422144
1,0.18824789654624588,0.27042767141199875,0.3713724342755556,0.16995199776619954
2,0.2120208872213983,0.2944437778954859,0.30136871317322467,0.19216662170989132
3,0.23895684787138274,0.30090917541992673,0.34808802256146426,0.11204595414722628
4,0.18333980455938964,0.35735401099628983,0.2624969304032361,0.19680925404108432
5,0.1880068389334548,0.26660328321845395,0.38662235880454715,0.1587675190435439
6,0.1962027932820796,0.30291210306306154,0.3475694418829623,0.15331566177189648
7,0.17102940232263247,0.24842457100746462,0.4368538209750736,0.14369220569482935
8,0.13631259320543151,0.14416060347495296,0.6265437706830439,0.0929830326365713
9,0.1680318095469319,0.26666024666524996,0.38892774830677435,0.17638019548104392
10,0.11118213145414022,0.20312682510334454,0.4420408279812332,0.24365021546128207
11,0.1524014456777513,0.2448355607790613,0.423223393400786,0.17953960014240128
12,0.23048516358205362,0.25898978311991494,0.44813498922945305,0.06239006406857827
13,0.16089152373446672,0.273889315380082,0.3753748772413122,0.18984428364413894
14,0.33846763377906364,0.3763627565075033,0.21227266555366053,0.0728969441597727
15,0.1890962441685916,0.24906258492373698,0.4418860678147567,0.11995510309291456
16,0.24785636772009922,0.27342665842653235,0.4184029289796108,0.06031404487375722
17,0.16720840337263596,0.23444730257448235,0.4305759797245974,0.16776831432828415
18,0.17493416419821223,0.2070485007077309,0.5483991599280977,0.06961817516595933
19,0.17252818718436833,0.2603162272117259,0.4181471456632786,0.1490084399406272
20,0.17791238244422786,0.31868119656042515,0.331279170439225,0.17212725055612196
21,0.17504815989982866,0.2488091130019089,0.4408293566357417,0.1353133704625207
22,0.17275134614365797,0.4088521548862796,0.22764270041898307,0.19075379855107943
23,0.1663297034422022,0.25507534959997274,0.4255868212719658,0.15300812568585923
24,0.14576987855781595,0.4072834364209228,0.1524530569227175,0.2944936280985438
25,0.17766639395829387,0.2635592175872301,0.407125626450786,0.15164876200368987
26,0.32189776086764105,0.40210536080394166,0.1985475891495897,0.07744928917882757
27,0.17717543163941119,0.2673720138445629,0.3791230036536035,0.17632955086242239
28,0.31979177159379174,0.4007294671031403,0.201605728499783,0.07787303280328485
29,0.1804619924341989,0.25751585924361187,0.4408323853647682,0.12118976295742101
30,0.1868741748570455,0.23185078750256533,0.46785995523360724,0.11341508240678193
31,0.18536373595030997,0.28823033917125385,0.3560881900232799,0.17031773485515625
32,0.08944152461334086,0.11813680810974046,0.7383487611232088,0.054072906153710194
33,0.17760730747606462,0.2843406412267573,0.3863708593963098,0.1516811919008683
34,0.09204183975615342,0.1231810447117449,0.7187803974151756,0.06599671811692577
35,0.18788022427001685,0.27496028793339294,0.39165253189540133,0.14550695590118878
36,0.18287656023444165,0.22777041059122274,0.43383490413277415,0.15551812504156154
37,0.17254335578612914,0.258373593480367,0.43091211691794806,0.13817093381555587
38,0.16730677613936057,0.18652805961951194,0.5640967790009398,0.08206838524018778
39,0.18370715021169123,0.28790541938212366,0.34750649342686585,0.18088093697931928
40,0.39195143216273065,0.2559450991239274,0.30262091044752293,0.04948255826581881
41,0.1813791533762813,0.2639337096197204,0.40336689792342084,0.1513202390805773
42,0.16165816691417523,0.2273323920518877,0.5091290963352935,0.10188034469864383
43,0.16885490572444803,0.2516970279844097,0.42211382745476456,0.1573342388363777
44,0.134355285942785,0.23013673757209843,0.41347441001665997,0.22203356646845682
45,0.16837650936586215,0.24219324471557854,0.45519306367962364,0.13423718223893571
46,0.16251389961572496,0.15762842704767116,0.6176118616774322,0.062245811659171736
47,0.17611575625195677,0.27322654148125,0.3752700583043548,0.1753876439624385
48,0.17248718015073966,0.3513905677901835,0.3255543310532261,0.15056792100585062
49,0.15049318947516782,0.27138364255646097,0.3693598109272383,0.20876335704113314
50,0.09884817454611508,0.14782578710227098,0.6892829566277737,0.06404308172384003
51,0.19482823276971872,0.27790909709613454,0.36105980117219666,0.16620286896195008
52,0.09272724438349636,0.12743453052843354,0.7273074911852824,0.052530733902787806
53,0.17543176752618095,0.28700801062542175,0.3525294072202177,0.18503081462817964
54,0.1481526777480013,0.16190575814675834,0.623167279343949,0.06677428476129148
55,0.1829298958560222,0.26394980793273026,0.3784974646284855,0.17462283158276193
56,0.08935891257332973,0.12231055227456038,0.7324289474018083,0.05590158775030142
57,0.2085631251394076,0.2575261377892039,0.4022982836357858,0.13161245343560268
58,0.09007954269259988,0.12042553265948004,0.7351223189227113,0.05437260572520854
59,0.18706178141850793,0.27835492269982753,0.3797151644994401,0.15486813138222472
60,0.11909941488553587,0.11905043601842419,0.7176938593038734,0.04415628979216667
61,0.1798632451525464,0.2549946006626101,0.43040702144848625,0.13473513273635734
62,0.12992111651742616,0.24054619482003883,0.36112849254452045,0.2684041961180145
63,0.15626508480225199,0.23340218232944887,0.48246643578750453,0.12786629708079475
64,0.144193165520301,0.23755799284934098,0.4146185727551767,0.20363026887518124
65,0.16676661309790655,0.26953162629179295,0.3676943558873967,0.19600740472290376
66,0.17317634699349593,0.26770927051352417,0.3725660203023442,0.186548362190636
67,0.17740582321431286,0.2625746094385069,0.3944670963087566,0.16555247103842372
68,0.26879901419538776,0.3035744668414864,0.31671984788683716,0.11090667107628857
69,0.21667469875501982,0.2687631495632293,0.3678963755167724,0.1466657761649784
70,0.13988160635282498,0.39707501935111866,0.18394936440797438,0.27909400988808203
71,0.2014519203146316,0.27347870508755606,0.37574995690481244,0.14931941769299983
72,0.2356688239304508,0.31904570805001753,0.2627800806892893,0.18250538733024219
73,0.1742992511598508,0.25574833076000575,0.4288251436429045,0.14112727443723888
74,0.13007440764326605,0.22659793826404206,0.4626836501347359,0.18064400395795585
75,0.19393796609496447,0.26020920378797324,0.3990936373682144,0.14675919274884774
76,0.11499103295023815,0.34891414865073045,0.24233771408390936,0.29375710431512203
77,0.1647797773223097,0.25393717379730335,0.4028484693539243,0.17843457952646255
78,0.13328185057586772,0.2183216308274276,0.5041761600014033,0.14422035859530147
79,0.18346651956645474,0.2794344149117112,0.39081158082939965,0.14628748469243438
80,0.14400186146011784,0.289753034693974,0.3209940344842554,0.24525106936165272
81,0.14724280200515327,0.24551945411665518,0.46190553836574133,0.14533220551245
82,0.12957102209041785,0.23868015677976862,0.36003893483735483,0.27170988629245874
83,0.18701159348334107,0.2810537042433128,0.36260647959024217,0.16932822268310396
84,0.14335076547139083,0.24024648893126077,0.4393611124098268,0.1770416331875217
85,0.19866299250594102,0.27500624037612514,0.3950925971961396,0.13123816992179432
86,0.2079514553529722,0.3435030703326206,0.3270012416296864,0.12154423268472081
87,0.1950540762361687,0.2524003583267587,0.4078524236849389,0.14469314175213369
88,0.20998441946663107,0.3633823734406597,0.26365943685507287,0.1629737702376363
89,0.20248463096930053,0.2744189708204782,0.40117139845061367,0.12192499975960755
90,0.26573261185167923,0.4011511698007275,0.18237796755052854,0.15073825079706457
91,0.16632305256324076,0.2514388133036455,0.420319688476695,0.16191844565641894
92,0.1687360504873244,0.2946890093698237,0.2709169448970794,0.2656579952457725
93,0.20170184309592848,0.28377489717500576,0.3807100871115625,0.13381317261750314
94,0.21791772890903274,0.23912079286346766,0.390419716542828,0.15254176168467184
95,0.1841769411148249,0.2767561283537227,0.37273990412000607,0.16632702641144664
96,0.17900936029327208,0.34806334109104303,0.24367492492584378,0.22925237368984086
97,0.16519190810479864,0.2360803297548647,0.45233414229611396,0.14639361984422264
98,0.19357858317295518,0.1843487169351828,0.5122032395168101,0.10986946037505171
99,0.1799704241924045,0.2699698849815104,0.41595987826927844,0.13409981255680659
100,0.15321370741693457,0.2190484567144116,0.4966334819443532,0.13110435392430084
101,0.19484853352146886,0.2736434315200873,0.3912076706456121,0.14030036431283163
102,0.19032905899533076,0.33292004463912633,0.28531199392885487,0.19143890243668774
103,0.1668711006128768,0.2649693818302904,0.40079453381492436,0.16736498374190834
104,0.18326532419180203,0.3326750722607064,0.28816149843264427,0.19589810511484732
105,0.18292339771419117,0.2607017182961334,0.3960414310748529,0.16033345291482262
106,0.09681838097978393,0.15613703537804366,0.6656136745284761,0.08143090911369623
107,0.190515251629086,0.2953683993123421,0.3644767947592353,0.14963955429933679
108,0.21343713854699306,0.32276783401603043,0.3220128180521792,0.14178220938479744
109,0.20488929000307146,0.28431356413006126,0.3776096339935498,0.13318751187331748
110,0.13181207067428782,0.28626175123386094,0.35366410647597446,0.22826207161587667
111,0.18415462129132706,0.2583525767462565,0.4125569098305513,0.1449358921318651
112,0.21279681954727983,0.2871644974273347,0.3568051610619973,0.14323352196338812
113,0.17910442832425386,0.2582967888243975,0.4125379846276427,0.15006079822370594
114,0.1999472654206191,0.3734704449304565,0.20808484984360637,0.21849743980531794
115,0.17085421806357107,0.24856206416850418,0.426809880577909,0.15377383719001592
116,0.09639429228512718,0.12370593658015361,0.709980754838755,0.06991901629596448
117,0.18496780489322617,0.27930339219849004,0.35179465064068643,0.18393415226759732
118,0.09030800889608337,0.11806964512969462,0.7378952930384597,0.05372705293576252
119,0.1853761038421179,0.28041432573674324,0.3817222595434181,0.1524873108777207
