Group,Excellent ratio,Good ratio,Pass ratio,Fail ratio
0,0.20874781049035682,0.3265789024563351,0.2606891260561473,0.20398416099716082
1,0.1892304591436001,0.27128693328491776,0.3706119684106853,0.16887063916079703
2,0.21572805782504229,0.29434746445258986,0.2979172010270737,0.19200727669529458
3,0.237703751976795,0.30005343842129645,0.3473306095382364,0.11491220006367207
4,0.18219733201500582,0.35910459247009885,0.2575212481346025,0.20117682738029288
5,0.18823623349538393,0.26666037853843816,0.3872030612086635,0.15790032675751448
6,0.1928696388560787,0.2981834715485219,0.3533652343977639,0.15558165519763537
7,0.1715522192012978,0.24818738346757027,0.4365150236754717,0.14374537365566037
8,0.1401632835696592,0.14535405531926612,0.6209982167494819,0.09348444436159305
9,0.17112599010582677,0.26799672800221136,0.38706490744277955,0.1738123744491822
10,0.11549976806490403,0.20721425745250308,0.4353001958599064,0.2419857786226864
11,0.15403787134663463,0.24519035877578285,0.42119307713954846,0.17957869273803417
12,0.2307648128643355,0.26083338924135147,0.44369883045139297,0.06470296744291987
13,0.1632524984164169,0.2750767676715963,0.3737950480385851,0.18787568587340142
14,0.3357875086697581,0.38028884970972193,0.20809178305770867,0.07583185856281138
15,0.18954988799988867,0.25204790351348466,0.43619923235180436,0.12220297613482207
16,0.2485072281323707,0.2810520377394961,0.40677453838379024,0.06366619574434297
17,0.17016213914265177,0.23653264573590038,0.42839467445347784,0.16491054066796987
18,0.1761688135979532,0.21017913854352777,0.5408576739910543,0.07279437386746453
19,0.1728189770702073,0.260804097191223,0.4146633225637728,0.15171360317479698
20,0.17947105733046453,0.31427363775212647,0.331911362676315,0.17434394224109384
21,0.1759996132335862,0.2500226687098719,0.43677596210348213,0.13720175595305978
22,0.16860133286538376,0.4024359453327815,0.22859132568040852,0.20037139612142643
23,0.1671951088482017,0.25614015584637917,0.42238471532997884,0.1542800199754401
24,0.1473886164760194,0.40516796455503695,0.15214914487036624,0.2952942740985771
25,0.17902589597285135,0.2659573168814775,0.40208510161996786,0.15293168552570346
26,0.31845990634816795,0.403790878678359,0.19720058452767952,0.08054863044579315
27,0.17764625802818743,0.2676493841106981,0.3794875607227209,0.1752167971383936
28,0.31681692734195727,0.4046557040849463,0.19736184430456077,0.08116552426853545
29,0.18347901968475314,0.25785715467912046,0.43564588662151993,0.12301793901460627
30,0.18354320530572818,0.2341356439951419,0.4679827286596669,0.11433842203946305
31,0.18600602678022102,0.2877979113564604,0.3565368973072356,0.16965916455608313
32,0.0915717913147244,0.11800627992529442,0.7361148944746952,0.05430703428528601
33,0.1797781567470735,0.28583226154684166,0.38260588181002886,0.15178369989605606
34,0.09450836719828282,0.12304445752266206,0.7161208297875936,0.06632634549146173
35,0.18856900013969696,0.27478438240952313,0.3894908470073777,0.14715577044340214
36,0.1793652147755807,0.23053275297470058,0.4302506833907909,0.1598513488589276
37,0.17433805826452228,0.2587759895571289,0.42818761806271993,0.13869833411562893
38,0.1700233436461303,0.1884484808359594,0.5592451960202095,0.08228297949770091
39,0.1845556835231413,0.285773884830637,0.34889846262207164,0.18077196902415
40,0.38526455859025477,0.2603974870584125,0.30068538688766205,0.05365256746367065
41,0.1820745262791842,0.2671859983017802,0.3978327106814843,0.15290676473755138
42,0.16356438848920554,0.22232200136531483,0.5140802536683755,0.10003335647710458
43,0.16853189631759158,0.252788013212286,0.4214794102748013,0.15720068019532107
44,0.13654942331069667,0.23390368607599682,0.4079233730138543,0.22162351759945229
45,0.16980364953593013,0.24340322360705546,0.4503777486790686,0.13641537817794594
46,0.1691257227647224,0.166388175363759,0.5988514172052838,0.06563468466623446
47,0.17843096187096563,0.2754688232936034,0.37371594305347783,0.17238427178195315
48,0.17287961150738312,0.35091678065305354,0.31632470245559036,0.15987890538397304
49,0.15306911054491462,0.2719289939111128,0.3668478937344895,0.20815400180948312
50,0.10041443897279409,0.14543235861490753,0.6892216739835733,0.06493152842872528
51,0.19512151722491805,0.2794549530356209,0.35868291581259953,0.16674061392686162
52,0.09456100814494961,0.12433547745434458,0.7280560051802955,0.05304750922041054
53,0.1763892180445259,0.2876693544029901,0.35187598025113465,0.18406544730134936
54,0.15272128974781865,0.16501883698469627,0.6116055287914477,0.0706543444760376
55,0.18370733478969567,0.2649068570551474,0.3770901448215931,0.17429566333356386
56,0.09142226982326564,0.1196985806277228,0.7337392352572689,0.0551399142917429
57,0.20888001767868158,0.2585325322818311,0.3997013171139928,0.13288613292549456
58,0.09189655630493655,0.11900633647431018,0.7346337919058411,0.05446331531491218
59,0.1892086045536841,0.2778231333796878,0.37799015474914555,0.15497810731748252
60,0.122917439749233,0.12321338015716254,0.707688883729841,0.046180296363763355
61,0.180196446924799,0.2552780808083854,0.42702263872301527,0.1375028335438004
62,0.13387491675272553,0.2423401512655278,0.35954674384282176,0.2642381881389249
63,0.15637829940662107,0.23412375521725257,0.4796392267988772,0.12985871857724934
64,0.14481907939947364,0.23640860607009337,0.40919626244942997,0.20957605208100324
65,0.17007845530899554,0.2722875906097231,0.3647605034519465,0.19287345062933475
66,0.17485174610342472,0.26713434665773944,0.3690206583876678,0.18899324885116808
67,0.17915465137081787,0.26206994506774917,0.39286883824383945,0.16590656531759362
68,0.2742243512098078,0.29649090283678226,0.3192734794757915,0.11001126647761852
69,0.21714425188431982,0.27063799020027335,0.36561228366226245,0.1466054742531444
70,0.14739963920596366,0.39000023887872515,0.18972158920801024,0.272878532707301
71,0.201295149293484,0.27448097625304824,0.37396594776434555,0.1502579266891222
72,0.23151470307201494,0.318853904595302,0.2662784387903083,0.18335295354237474
73,0.1759611357998011,0.25319940953621584,0.42792168424880045,0.14291777041518253
74,0.1335831256012056,0.2294366810343959,0.4593482104797627,0.1776319828846358
75,0.19331345088379984,0.26053215225460025,0.3960471757283447,0.1501072211332554
76,0.1199252407014765,0.3544295986242436,0.248305522614543,0.277339638059737
77,0.1659690892853154,0.25577115883450396,0.3993453235445882,0.17891442833559257
78,0.1346472692314581,0.21659472892982706,0.504484375348021,0.1442736264906937
79,0.1842657373309809,0.27990778940277744,0.38894045300392827,0.14688602026231348
80,0.14738796275412347,0.2886859836518862,0.3209214607051036,0.2430045928888866
81,0.14929773240268265,0.2442638066119082,0.45896139483128695,0.1474770661541222
82,0.13277025554809327,0.242282261209397,0.3552722979662968,0.2696751852762129
83,0.18757631361356458,0.2819041578586407,0.3605703134567456,0.16994921507104913
84,0.14140864118662608,0.2407608553261299,0.43688585945036074,0.1809446440368831
85,0.19719607251185908,0.27424209558233076,0.3962174702870149,0.13234436161879537
86,0.20905571373093274,0.34391974746589843,0.3205021212138034,0.12652241758936542
87,0.19729040504497317,0.25341688127340795,0.40613763221321264,0.14315508146840625
88,0.210595525963258,0.3613795236596273,0.2610646908486502,0.1669602595284647
89,0.20278388041691703,0.2731708494015966,0.40051608518150816,0.12352918499997845
90,0.2699016884248267,0.39393124408862024,0.1893048288949405,0.14686223859161246
91,0.1685503463166752,0.2507705734727442,0.417558713708014,0.1631203665025665
92,0.16812708605982177,0.2980768477209153,0.2775040798286439,0.2562919863906188
93,0.20260125140622445,0.28522116993058333,0.37746733617121486,0.13471024249197736
94,0.21574762215899274,0.24208750129725445,0.38805247316673,0.15411240337702303
95,0.18518484397982726,0.2761769312661584,0.3730655533415445,0.16557267141246976
96,0.18138163444192176,0.3509783916330689,0.24598919575755676,0.2216507781674525
97,0.16588171326874246,0.23769069729792394,0.4484539390391381,0.14797365039419577
98,0.19759828610591246,0.18789425327544468,0.5010898886042389,0.11341757201440407
99,0.18143713456394864,0.26900637722154186,0.41377016524697907,0.13578632296753035
100,0.15871717652760853,0.22579051810980907,0.48612992857359805,0.12936237678898402
101,0.19551728110269115,0.2738291415467779,0.3881841656815875,0.14246941166894353
102,0.19005930484919248,0.32996059798060345,0.28144740562728343,0.19853269154292053
103,0.16996315926536817,0.26634062785292656,0.3976912613998111,0.16600495148189423
104,0.18069960923511033,0.3309108693386233,0.2888304269608708,0.19955909446539546
105,0.18348090151834387,0.2622873769677527,0.3937778910202387,0.16045383049366468
106,0.10163246810693302,0.16167376895337426,0.6524220400046794,0.08427172293501327
107,0.19040063693548376,0.2931435434858866,0.3631603381762564,0.1532954814023731
108,0.2131934041137148,0.32349106214030565,0.31793000415563616,0.14538552959034345
109,0.2042465521994915,0.284500036946998,0.37807358606277086,0.13317982479073961
110,0.13395459604291993,0.2890322909203546,0.3511150427171084,0.2258980703196172
111,0.18393865457977424,0.26070843954202505,0.41093270898872136,0.14442019688947944
112,0.21246330253789872,0.2901397561445709,0.35933157073882077,0.1380653705787095
113,0.17971549768758524,0.2582513903930863,0.4094122168752167,0.15262089504411172
114,0.195269916882186,0.36856934951794496,0.213401683724575,0.22275904987529427
115,0.17292437555063128,0.24935231546433292,0.42424956951261195,0.153473739472424
116,0.09907879245921963,0.1255635968763083,0.7054022071543485,0.06995540351012373
117,0.18390669409671961,0.27815716525879547,0.3515207096995843,0.18641543094490057
118,0.09188011765796221,0.11777618317016751,0.7361244754386423,0.05421922373322808
119,0.18586744019638604,0.2802900902843249,0.3806043776754292,0.1532380918438597
