Group,Excellent ratio,Good ratio,Pass ratio,Fail ratio
0,0.20457673029009812,0.33906300095047437,0.2848024342186358,0.17155783454079163
1,0.16057471577891438,0.25731117517426255,0.39476136125406014,0.18735274779276295
2,0.15031235828927342,0.3234115304044481,0.36567049578249067,0.16060561552378758
3,0.24291277661519384,0.3025724160252363,0.3434332444949134,0.11108156286465637
4,0.15865118897737004,0.41448696445158206,0.2628730755338417,0.16398877103720644
5,0.17831211116489698,0.2480607925403486,0.4041137006395731,0.16951339565518136
6,0.22140762256371274,0.31080050597650744,0.3333062719548055,0.13448559950497427
7,0.16653244495324082,0.25013289574746594,0.4393588376507009,0.14397582164859238
8,0.1278378425744599,0.15299175079955155,0.6064888501683646,0.11268155645762391
9,0.14259432793892,0.2844446602995899,0.35887704136559784,0.21408397039589222
10,0.07690331547277542,0.1961045917840576,0.46330228868560674,0.2636898040575603
11,0.12830897625129956,0.23974138239947373,0.4606742294459536,0.1712754119032733
12,0.23463949477022095,0.23479853644366763,0.4656306935662803,0.06493127521983141
13,0.15796681618319927,0.26230120743558666,0.36515868841635785,0.2145732879648561
14,0.3562758006053685,0.3746911461562706,0.22688399778964588,0.0421490554487151
15,0.18945322628089428,0.25882681798752155,0.43549180044252966,0.11622815528905445
16,0.2358138707867533,0.26519763135931707,0.47220542635280244,0.026783071501126975
17,0.13665902221983012,0.20678896712598033,0.46731455170236313,0.18923745895182642
18,0.13248079086283948,0.16617425336256225,0.6337418019953521,0.06760315377924639
19,0.17918358720672256,0.241747230823181,0.4319963258800735,0.147072856090023
20,0.15016319117495283,0.32461608030379524,0.33862698895756443,0.18659373956368752
21,0.19268928443792874,0.2214028154060863,0.47406121512224564,0.11184668503373915
22,0.18931614336057842,0.49008999696349886,0.22317385371582918,0.0974200059600936
23,0.17961672021348804,0.2249713972121676,0.43324645937469447,0.16216542319964986
24,0.12447613564376063,0.4135935074609998,0.14316733838605233,0.318763018509187
25,0.1793094703965205,0.2456033465171146,0.44980593625711884,0.12528124682924605
26,0.35957311112562657,0.34056755360219293,0.22546029135702056,0.07439904391516014
27,0.16311198157558354,0.2678047866292448,0.37108722258727156,0.19799600920790014
28,0.38255331778836177,0.30567466815069666,0.23707577041006084,0.07469624365088069
29,0.1656142070132084,0.243334751126128,0.4912685304115228,0.09978251144914072
30,0.20046433113877804,0.18335955513804658,0.4589755732685238,0.15720054045465154
31,0.2105740222967157,0.2666764017886835,0.34927022071043695,0.17347935520416377
32,0.06561163528333867,0.0642232709973129,0.7983305054134402,0.07183458830590815
33,0.18036588096752593,0.2752835864551763,0.3873006217523162,0.1570499108249814
34,0.07383019280450229,0.09708493438418785,0.7389089959232503,0.09017587688805982
35,0.19424136624187632,0.27187735893328907,0.38764017123432026,0.14624110359051432
36,0.2397110558943487,0.19847942301556096,0.44631488919999973,0.11549463189009058
37,0.1594576174463839,0.23995475460648358,0.4634688479639882,0.1371187799831443
38,0.15449603966053338,0.19484591367059234,0.5400524424714982,0.11060560419737614
39,0.1753449027508194,0.2949927019008397,0.3240596983772431,0.2056026969710978
40,0.39841345583969484,0.27517174416908213,0.3021950440703564,0.02421975592086661
41,0.19142517642688187,0.23726223104806515,0.41585027786724643,0.15546231465780644
42,0.19371244044909786,0.21943555968943015,0.49989549670411243,0.08695650315735941
43,0.18910874964246777,0.23197519834971891,0.4271567195619972,0.15175933244581585
44,0.15283682150840458,0.16359070811307042,0.46552823241139846,0.21804423796712646
45,0.1599577462931146,0.2295744715109167,0.4990865029632095,0.11138127923275927
46,0.15228582196980275,0.11111936006407537,0.6939715091932931,0.04262330877282841
47,0.1851215143511254,0.23506834552770528,0.3935388354814522,0.1862713046397169
48,0.1493996288060286,0.27365088495513434,0.4410250703849074,0.13592441585392964
49,0.1598904787771254,0.25422673898400105,0.3747600304309085,0.21112275180796503
50,0.09509175363585255,0.16814196239680654,0.668884487242341,0.06788179672499998
51,0.1836056105047951,0.2873338292628847,0.3911563417149091,0.13790421851741108
52,0.10669109995464655,0.14236632317640216,0.7175169328161891,0.03342564405276224
53,0.15936049255037807,0.2844411563370492,0.3485923921909422,0.20760595892163056
54,0.15809147127892903,0.15037118741117322,0.6728130034254511,0.01872433788444666
55,0.16928375695795445,0.2691677645003855,0.3773772659031795,0.1841712126384806
56,0.10847625151509177,0.12673712943288332,0.6987601972385117,0.06602642181351323
57,0.1903320107028429,0.24188591967911902,0.4190132257480541,0.14876884386998385
58,0.09182343511293377,0.09863331721370901,0.7700001849329062,0.039543062740450524
59,0.17517654082677458,0.30243311236300247,0.37627417576097755,0.14611617104924532
60,0.11971242462264435,0.11124974043075399,0.7431984452144846,0.025839389732116618
61,0.171946236061311,0.25980770722967744,0.4569609171688853,0.11128513954012628
62,0.12136597180388539,0.24290448414373778,0.39301450779382036,0.24271503625855623
63,0.16683046298951804,0.21303756852649014,0.49402030873153585,0.12611165975245603
64,0.14768339705111472,0.25371326682920453,0.40994761306983607,0.1886557230498448
65,0.15344437958651747,0.2542867663228529,0.369781472381606,0.22248738170902382
66,0.1571704194771897,0.2720623236521231,0.3535984860633623,0.21716877080732508
67,0.1792295894937719,0.2612689480413795,0.40408164080469705,0.1554198216601516
68,0.2000513914561007,0.3376671539413559,0.33896001810551923,0.12332143649702426
69,0.22067233173476594,0.2608850812920977,0.35864504798305324,0.159797538990083
70,0.11488550189132596,0.42662959132010125,0.19712972211890267,0.2613551846696702
71,0.1904518015217606,0.28209523218359744,0.3702875735291256,0.1571653927655163
72,0.21551505702407467,0.308548546287286,0.23571310132500758,0.24022329536363166
73,0.18226172482706468,0.26529063333007846,0.41786643789014394,0.13458120395271286
74,0.1054124239556973,0.21707669792446754,0.4600735137239831,0.21743736439585212
75,0.19545538682974845,0.2703694698860248,0.4100445937195449,0.12413054956468178
76,0.12590062824966414,0.31713697027551685,0.185977119795424,0.37098528167939504
77,0.1586239878679587,0.21704902854993618,0.4328635138945392,0.19146346968756617
78,0.1573796062564272,0.25200596979969847,0.4615409692827525,0.1290734546611216
79,0.21255574830988455,0.27051617070868306,0.3614516126808162,0.15547646830061626
80,0.11820861973284895,0.28779533573314053,0.37593254073355103,0.21806350380045952
81,0.15294477513106267,0.2787694087186341,0.43471009344836387,0.13357572270193926
82,0.10284724432424165,0.1598704597840884,0.4121874706970541,0.3250948251946159
83,0.2044775167289252,0.2662399113800471,0.36666277513660256,0.16261979675442523
84,0.1242471749556503,0.261006860920518,0.47156392831856153,0.14318203580527009
85,0.19885469330086766,0.2756271546624799,0.39339415074594547,0.132124001290707
86,0.15760132132556723,0.36196972102802605,0.3050581894588097,0.17537076818759703
87,0.1833554709735391,0.2322637266807107,0.4366138627431285,0.14776693960262174
88,0.20990841824514028,0.376450270770511,0.21880527335647856,0.19483603762787013
89,0.18949614292099948,0.2882161726338201,0.4005816911673257,0.12170599327785453
90,0.28273627367538534,0.35652869683774213,0.1793800596858399,0.18135496980103272
91,0.15728198499507176,0.2885850300467446,0.4127639827198252,0.14136900223835863
92,0.19463461209699123,0.3136616186544635,0.2066294001408809,0.28507436910766404
93,0.20737997601019095,0.29587360652815525,0.36546773752037276,0.1312786799412811
94,0.29593645625427156,0.1983241180808416,0.33870006103566813,0.16703936462921878
95,0.16649358367130274,0.26977033452882343,0.3421285848318405,0.22160749696803325
96,0.13333046417802763,0.2862764810489541,0.27279961157052257,0.30759344320249576
97,0.1704248805869412,0.21001919603312705,0.4623865283514705,0.1571693950284612
98,0.14011008615769616,0.18433096412264885,0.5859873126786057,0.08957163704104941
99,0.16305721366552034,0.31678062150954334,0.4092376051732058,0.11092455965173043
100,0.0872007727792429,0.09284303320521076,0.5788815008718163,0.2410746931437297
101,0.20325242352485937,0.2573450868154188,0.4042278669709189,0.13517462268880293
102,0.24988476439559892,0.30408599410602116,0.29117562261667973,0.1548536188817004
103,0.13879590535258335,0.27767530101764615,0.40129505045143427,0.18223374317833627
104,0.2028586456133186,0.36706372846280905,0.2964853213094084,0.13359230461446386
105,0.1891891430875997,0.23489029216347249,0.43548196082325347,0.14043860392567425
106,0.08366860131049432,0.1117104442353741,0.7514252435026196,0.05319571095151207
107,0.219063499186779,0.27164667611218457,0.3708623289687597,0.13842749573227658
108,0.21194297187449063,0.25880323406705413,0.37288718072189525,0.15636661333655996
109,0.20097042603031542,0.2870907449573848,0.3843110681929394,0.12762776081936017
110,0.11792593277929762,0.24669580180012457,0.3577764564590429,0.2776018089615352
111,0.19133330717810457,0.22619313824672674,0.43831896562525535,0.1441545889499133
112,0.1679090531598273,0.3116485498022964,0.37959831378899195,0.14084408324888423
113,0.1654906587176676,0.23808543323485037,0.44356810954170023,0.1528557985057817
114,0.27196571703806094,0.3806388157625797,0.1807183455880081,0.16667712161135115
115,0.16521110084958812,0.23702941236356356,0.437503337281272,0.16025614950557646
116,0.09030136294037114,0.10426903327317355,0.7373875929411065,0.06804201084534876
117,0.20071586529577615,0.2625746050891474,0.35183997201374567,0.18486955760133075
118,0.08615244299184686,0.09173310661930609,0.7761611905647281,0.04595325982411895
119,0.19827328477226724,0.29531305845711614,0.379434417742172,0.12697923902844466
